% physical_constants
global c mu0 e0 me eps0 IA Z0

c = 2.99792458.*10^8;                                            % speed of light
e0 = 1.60217657e-19;                                             % electron charge
me = 9.10938291e-31;                                             % electron mass
eps0 = 8.85418782e-12;                                           % eps_0
mu0 = 1.256637e-6;                                               % mu_0
IA = 17045;                                                      % Alfven current
Z0 = 376.73;                                                     % Impedance of free space 